-283
-1811
-1477
1342
-88
-465
-1435
-203
1852
-362
-1924
1601
1533
543
-575
-127
-1760
269
1593
478
-1628
237
1392
-552
-725
-1154
1757
8
1311
-860
315
1463
365
689
-1538
-599
298
-104
1776
-1205
-1214
-1090
1946
1995
-1428
-758
-227
-1859
-171
532
-831
-1620
-920
731
1592
1682
-1939
-780
1781
574
-1184
-26
-1204
951
-1490
-1441
-1774
1837
1295
1770
-1163
-186
102
-1780
-1048
90
673
474
-862
730
577
1586
206
777
1102
-534
-198
1935
-1349
1789
-878
-841
-832
-1350
1308
-221
407
1463
-462
1780
1135
1756
1484
-1238
-476
900
-1535
1822
294
497
-442
817
1076
1538
-1970
1030
1361
-1178
-1606
-943
762
1748
-1764
1860
490
-979
-1888
605
1135
-701
1409
-492
-39
-1765
-1934
-878
-74
411
1436
-1070
813
-1545
-205
1208
-229
712
340
-1917
-403
844
118
637
-463
658
-1640
1694
-390
-1516
-1415
220
-1697
1038
-1671
-853
759
-468
-381
-626
799
-569
-802
215
56
591
-312
-1147
-903
-1085
-121
6
-1324
669
-217
920
-1955
1675
1668
127
1356
-1717
1648
-477
-637
244
1571
417
761
-1464
-1191
-615
1721
1693
-1749
-239
-1320
1850
-1030
-1375
367
-805
-353
1795
917
544
858
-1274
-1487
-1838
-1046
833
1930
-1541
1582
-1161
-425
-371
-137
1482
1034
-1538
-620
-1762
-472
1646
-244
-1452
-993
1936
921
-1643
-1566
-1724
-623
1227
644
-70
-557
-1218
1369
-1551
7
1828
-1557
70
-441
736
1090
-704
1376
-1284
-214
1122
-1636
-1967
183
1948
-1305
322
-1498
-1953
-990
-1859
1419
136
-736
1165
1145
145
-104
-614
115
1700
289
291
-349
-1282
1263
701
1819
337
1935
966
-464
-171
1896
1831
458
-1816
1357
1179
-678
233
1530
-544
1459
-822
1663
-1650
627
1926
1340
-211
-1127
155
697
-1492
705
-1147
-1023
-1552
-1309
860
-242
157
-778
724
1618
167
240
655
1248
525
-286
1772
1135
-30
200
-1870
102
343
1053
391
1437
21
-291
1730
922
150
40
-478
430
-776
218
-942
671
1425
-1773
-219
364
781
-1646
336
-73
892
682
951
484
-619
-1960
-1084
-1703
951
329
1315
1400
-1239
1113
173
4
1219
-214
-825
1536
425
486
919
857
1499
1842
721
874
630
-1483
285
1220
1938
1066
-1909
-1533
1798
1812
1891
-944
168
-1968
1033
1036
890
-441
1394
-1756
-848
-1698
-1532
789
-1696
391
1648
1709
186
1224
1488
-1790
1738
528
1173
909
-1344
-1269
-898
1527
-1870
-1897
-260
49
-1890
1606
-493
1416
-1459
-1705
-1014
265
-418
-1055
78
-1727
1632
-1932
-1260
1357
1707
883
-1293
262
-1874
-1692
-584
712
-1190
1612
-1173
62
978
719
917
-1293
-485
1163
198
1343
-1960
555
1357
140
-1485
1448
-222
-1323
-1535
-1549
-757
-905
-312
1294
1922
633
-340
-1635
1775
-1263
1763
362
-377
1747
-476
-1595
-1106
-743
268
-174
1560
-1344
-1686
-1782
141
-1418
-293
-1699
1015
1702
1423
-1018
-1082
-62
1179
1594
1145
-407
-1726
-1017
1462
-1296
999
-1405
-2000
387
-668
1556
-913
-1279
1235
-1713
-528
1684
-893
1138
1128
556
1217
-1137
105
1313
-459
868
-1379
-511
-1055
1961
1467
-1501
-1354
-1296
516
-584
-1268
-1934
61
451
-940
1747
-473
143
1743
1232
-806
-235
1658
1125
1065
-578
-1021
-795
-1607
-1230
-199
1920
866
1646
-1687
-160
621
-1692
798
-1137
1081
279
-1529
1474
244
214
-1735
250
566
-395
657
1839
638
1215
203
-192
-362
1612
-1872
-1685
-1801
-744
-921
914
950
455
-1231
-868
1744
-1373
1246
-601
236
-1746
-172
396
1344
-1616
-1778
959
1179
-1669
1171
-345
1410
907
-1320
-91
1424
1482
1164
1104
-602
366
-508
113
421
1165
-714
-238
1950
-159
1224
405
1807
-156
1395
16
800
-465
-303
-1004
991
-970
147
1320
-840
1163
-1379
1820
-605
-496
-782
491
73
-1476
1225
959
-1461
-46
1574
-1201
377
-1948
1145
864
-871
-314
646
581
1340
844
828
1038
-1468
892
1025
-902
-97
1400
1694
-1471
1663
22
1799
1202
12
508
-1846
995
1931
-451
999
-1209
1901
295
-70
1156
-146
184
1089
340
103
-1329
962
-1237
-109
-382
937
-581
-1566
-1587
-279
110
-671
-553
-1219
885
-204
-293
-1183
1617
-219
-719
1683
1734
-923
-18
1702
-246
356
-408
1101
1966
-606
324
592
-525
-701
1379
309
504
765
-1547
27
-1477
1210
-311
1614
-626
-1753
1964
279
-1731
65
955
320
-1041
308
1392
-140
14
965
1858
1060
996
1912
308
345
-1395
-684
106
-1543
-1865
-58
1045
-1396
-1918
1773
-1876
-687
1327
-1162
-320
-178
909
-1601
139
-1290
-1597
1324
-1684
-1647
-1650
-203
-438
105
-224
1895
1239
1347
-741
-900
282
359
1477
1427
-137
-905
1569
76
-791
1909
1654
1139
-61
-1660
-1311
-1881
-14
1595
180
1799
-1276
-1349
1866
-881
-1961
222
-1391
455
252
1940
-24
388
-600
-848
-439
1915
1670
-1763
-181
-659
666
1966
-629
363
-1138
-1459
-1661
629
557
1917
-1593
-1861
-1289
-1442
-1064
747
-801
1097
35
-706
-1085
-67
438
882
-203
1821
-1225
1831
715
-1974
1289
401
-15
-733
113
191
1919
-1199
917
367
-413
-351
-1806
-675
-1835
-1653
211
1077
614
843
679
358
-426
1715
738
740
-175
792
1648
-1098
1026
811
858
176
1008
617
-691
1795
1242
-667
-1703
-645
-1608
-852
1599
-780
-605
-1479
759
1572
1536
1637
1767
145
-1089
1830
-645
-575
290
829
113
-990
-837
633
1099
-1222
-1287
1831
-680
1262
685
1817
-396
-212
1812
495
-562
-93
-1595
-166
1646
1862
885
-1737
1480
1260
-820
-89
-721
1490
-1204
777
-357
-417
-857
-1352
918
-1891
-1241
-1710
-1446
1317
1529
-1277
929
304
1210
-487
1067
-702
-679
-1012
