4.25851997749
-0.413944115688
3.38380244747
-10.2129837615
-18.22333155
-0.167323686401
2.09188211023
-2.06192699263
-13.6547836422
12.029625121
1.93638889829
-21.7461973749
25.7383239237
11.7574229132
-12.8227145936
20.7944924433
26.4137640084
13.9788979962
-11.2096805399
16.9005400912
0.741709242043
2.43624033261
-21.889487466
-0.888254806244
-4.71909757642
2.38222903484
0.307859410724
0.555050222862
14.6682037094
5.03547697565
-4.07250285858
-1.74932385903
-10.6022637334
18.9197826045
-1.10332620239
-0.447401445805
22.5781581498
-23.8977947537
-15.2038834758
-5.15702947931
14.6094094075
12.2235571425
-13.4076869886
0.877790703759
-1.15090820131
15.8376607375
13.5707297161
-0.436879622964
15.7872943333
10.6585252618
-0.421351555681
7.4139717559
-28.5112016971
-0.78045536572
5.46855473537
-9.58684093302
-11.3415883104
-11.1956505847
-18.9108764961
-11.5525324286
0.479849879878
-2.2314612449
-1.82829912476
-19.7358365966
-1.47038882125
16.4964548782
0.672097886128
-0.0891954504104
10.8043579211
-10.4947939012
-6.06764272579
-19.3758787798
2.09902163259
2.86101551802
-10.6510687059
-10.666507553
-2.55444557136
19.1772615872
5.05504041214
-15.8758683873
-0.915812814026
8.51961312883
3.44497127257
-1.45953536924
-21.5618609733
19.1332152436
11.6956264307
-2.67596359891
-22.1579199737
6.71902066347
-16.5653769966
16.2160594381
-8.98677277459
7.60939364951
7.95013080949
-17.9839743731
-1.45301639886
8.04185349496
18.6078133365
-20.3602137979
