2.30371186402
0.274019357082
7.65909627423
5.14308951796
-1.57627305237
-5.90063480826
5.11951514391
-6.46886491581
12.2297437895
-6.23217095895
-9.18040135748
0.848123604642
-3.9673215532
-18.4300138444
-4.10196305944
-3.53817269879
-22.5687488949
15.1962363417
9.14904546252
0.638594922478
21.5101970514
5.45194149081
-5.70168774202
-14.2929541432
1.85863825104
-3.2318036979
12.7536330934
-17.7959814602
3.08832562512
10.2925519733
0.000337303976721
22.6391644975
-12.9767826552
-18.9953930962
-2.27647387349
4.66162933061
-7.85662039138
3.76883785309
0.712352400757
6.96891947194
-15.5338241
-7.12332902171
10.7697144697
12.8027051702
20.0915234544
11.2415627896
11.6437861382
-1.5599579969
-10.0950750691
-0.538868303938
0.659139875381
-2.10683620858
9.90036165742
2.23282852491
-1.57658928023
2.88234858485
0.562460260225
-6.51486084266
11.0175886416
5.74437726513
8.99074892555
-14.0112404747
9.26056330932
-6.5850489289
-1.93972444073
0.393217011309
17.1268675972
-3.79422543903
4.89878937996
3.88161495449
0.566897810166
-21.6891559157
-16.1881405446
-3.72925213929
-16.6313024766
-0.196805534099
20.1931908199
-16.407870386
4.76579308119
18.4073611928
-4.00136401514
0.652293639288
-13.1012432288
-3.55694496214
11.90410175
-3.46515085933
16.7988504474
12.3686141753
7.74375905789
8.29578890461
0.619469345208
5.34451955541
-18.6370105859
-2.94054475782
16.2971842805
6.2140766794
-5.50333540579
3.94615369453
13.4205872239
-2.53781687961
