2.88283109362
-15.1367516172
-19.1180746557
-2.51338924648
20.1778028353
-15.7336707158
-13.551120723
21.6668737328
11.4263199391
-8.83926621623
5.07363198369
4.03457477798
16.7275967639
-13.15970372
11.9815498116
-19.4517202574
-18.4309978067
14.9088084693
-12.0514498464
-6.5852937159
10.9696328176
-7.95539290439
9.98548737825
-12.704127375
8.2080712017
-20.5167203805
-1.1642487999
-5.1535600333
-8.51699584971
-8.78124736231
3.61412170826
2.72226121401
-0.484134574814
11.2369337717
1.46407992137
0.518434442281
-0.187454226319
-7.3256150534
-6.20190956696
4.09124392077
9.91802766861
21.0993880928
18.3069659228
-8.6295120499
11.1554231664
-8.98812576393
9.20318221935
0.0818245628858
-1.64097613261
13.73214434
-8.39459429446
4.88582716871
-1.71330279643
3.87844128249
10.1523874403
17.8588830994
11.8514784684
1.44688868472
-11.5881441736
-2.39840657292
2.30411604794
7.64898704866
2.10416183253
-20.7176718183
-11.795094735
14.7104695215
12.7000202051
3.84115546278
8.3626013714
-13.0239865621
4.51654280845
-16.5811109716
3.85326829306
5.90155800604
-8.78488546956
9.19078215152
-7.83991677924
2.34522661481
-6.82149833496
-19.8659961587
4.0765699493
-20.8486870448
13.2492081613
-9.75525308237
4.22451636056
7.76246382603
-6.64340886525
9.90709690678
-3.02809242033
4.25581343715
4.67471271373
-1.46190994178
-0.700416735618
7.85929898014
10.3649513238
-8.48370682448
-8.2439830262
-2.79093611904
-13.4462428466
1.63674938823
