-0.574422035042
10.5400534005
-3.49811833469
6.81688894405
6.00316201715
-4.26769459002
0.144246491957
11.3778194079
-4.25143571074
12.2230295072
-0.171754894406
2.09112574058
-14.8990532272
3.09918178354
-2.87651240596
-0.177632878523
6.03747241548
4.93286109482
7.79931900922
-5.02394147358
-14.6938722518
-4.24332431641
20.0402771316
-17.9903447905
9.15399198794
-6.88579819934
0.0343267786698
-1.93028823426
-6.45432033749
5.58174627969
-8.20115475839
-22.862242074
-4.65239601534
-5.21353283882
2.43039273966
0.883241478043
-0.332986170286
7.89605064802
-5.49797158499
-21.7020915184
22.6861236018
-7.16851041273
-12.1270297695
-4.32507980805
9.8959758563
-2.25457384268
-9.70147145748
-17.1836828116
0.511497905093
-1.24189663802
-20.5886662462
10.6099512634
0.0017095242527
1.9004533198
12.8279308797
-7.97189529512
-11.2486840928
-0.320698496376
-14.8032027145
-4.04519317459
-1.35845686303
-18.6393140399
-1.1489050601
10.3988763137
-0.871331285206
-1.984713701
-5.87530435814
-2.04138400144
-3.94034675327
-2.6486454778
9.53071610917
-16.6529210959
-10.317088797
-14.4032201678
1.92326080842
-18.6048768097
15.2722523311
-0.30707575191
-5.52173999303
-4.39083996318
-13.3845919274
2.31214202882
-7.70408972828
-10.3645045817
-1.33657951729
18.6117012701
-1.95826265393
-3.59964318268
-16.8245072905
-9.84967933268
-17.4729893366
5.68910705973
16.8027222971
-1.86404657365
-0.0263347469165
-7.34183543517
-13.4431373532
-1.46412179818
-12.8043158239
-3.33695205666
